42.83242 38.50455
42.59199 38.98543
42.4317 39.4663
41.87068 39.78689
41.30965 40.82878
40.74864 41.46995
40.5082 41.95082
40.74864 42.59199
40.90893 43.23315
41.22951 43.63388
41.22951 43.95447
41.06922 44.59563
41.71038 44.67578
41.95082 44.99636
41.95082 45.47723
41.79053 45.55738
41.30965 45.39709
40.5082 45.07651
39.86703 44.99636
39.70674 44.83607
39.14572 44.51549
38.5847 44.43534
38.26412 44.1949
37.7031 43.95447
37.62295 43.71403
37.06194 43.15301
36.90164 43.07286
36.58106 43.07286
36.02004 42.75228
35.45902 42.67213
35.21858 42.83243
34.49727 42.67213
34.25684 42.75228
33.85611 43.15301
33.45538 43.07286
33.29508 43.47359
33.13479 43.71403
32.89436 43.71403
32.49363 43.47359
32.25319 43.3133
31.85246 43.15301
31.53188 43.15301
30.97086 43.3133
30.40984 43.3133
30.1694 43.23315
29.84882 43.23315
29.60838 43.47359
29.20765 43.79417
28.88707 44.1949
28.80692 44.67578
28.40619 44.67578
28.2459 44.35519
27.84517 44.35519
27.68488 44.67578
27.52459 44.27505
27.60474 44.11475
27.60474 43.47359
27.60474 43.15301
27.28415 42.91257
27.12387 42.91257
26.64299 42.43169
26.40255 42.11111
26.24226 41.71038
26.08197 41.71038
25.76139 41.71038
25.6011 42.27141
25.12022 42.35155
24.87978 42.83243
24.79964 43.07286
24.47905 43.07286
24.07833 43.15301
23.75774 43.15301
23.91804 42.51184
23.6776 42.43169
23.59745 42.27141
23.27687 41.95082
23.27687 41.79053
23.19672 41.46995
22.79599 41.14937
22.55556 40.90893
22.39527 40.6685
21.91439 40.42805
21.99454 40.10747
21.99454 39.78689
21.59381 39.38616
20.95264 39.30602
20.39162 39.06557
20.07104 38.90528
19.59017 38.50455
19.26958 38.66485
19.02915 38.90528
18.62842 38.90528
18.22769 38.42441
18.14754 38.18398
17.90711 38.02368
17.42623 37.78325
17.90711 37.46266
18.0674 37.38251
18.0674 36.90164
18.0674 36.34062
17.66667 36.74135
17.50638 36.90164
17.10565 36.90164
16.94536 36.90164
16.46448 36.8215
16.1439 36.50091
15.74317 36.42076
15.74317 36.02003
15.42259 36.02003
15.02186 35.7796
14.46084 35.7796
14.62113 36.34062
14.62113 36.66121
14.78142 36.90164
14.86157 37.14208
14.46084 37.14208
14.2204 37.30237
13.89982 37.70309
13.73953 38.02368
13.3388 38.10382
13.25865 38.10382
12.77778 37.5428
12.61749 36.98179
12.53734 36.66121
12.2969 36.42076
12.13661 36.42076
11.97632 36.18033
11.89618 36.26048
11.49545 36.18033
11.25501 35.7796
11.4153 35.21858
11.81603 35.21858
12.21676 34.97815
12.21676 34.97815
12.4572 34.81785
12.37705 34.41712
11.97632 34.01639
11.57559 33.8561
11.4153 34.09654
10.85428 34.17669
10.77414 34.25683
10.5337 34.41712
10.37341 33.77596
10.21312 33.77596
9.652097 33.53552
9.331513 33.21494
8.850639 33.29508
8.049182 33.05465
7.728599 32.9745
7.408016 32.65392
7.408016 32.01275
7.32787 31.69217
7.247725 31.37159
6.606559 31.29144
6.366122 31.37159
6.285976 31.45173
6.125684 31.61202
6.045539 32.01275
5.965393 32.17304
5.724956 32.25319
5.404373 32.33333
5.244082 32.25319
5.64481 31.61202
5.885247 31.53188
5.885247 30.73042
5.965393 30.65027
6.20583 29.92896
6.285976 29.2878
6.20583 28.88707
6.20583 28.32605
6.125684 28.16576
5.404373 27.76503
5.244082 27.60474
5.324227 26.72313
5.003644 26.08197
4.602916 25.36066
4.683061 25.12022
5.003644 24.87978
5.244082 24.23862
5.244082 24.15847
5.244082 23.51731
5.163936 22.95628
5.163936 22.6357
5.163936 22.23497
4.923499 22.07468
4.683061 21.7541
4.602916 21.03279
4.763207 20.63206
5.003644 20.39162
4.843353 19.8306
4.442625 19.59016
4.282333 19.26958
3.721313 18.86885
3.561021 18.30783
3.240438 18.22769
3.000001 17.9071
3.160293 17.58652
3.40073 17.50638
3.561021 17.26594
3.881604 16.70492
4.122041 16.38433
4.282333 15.90346
4.362479 15.42258
4.442625 15.02186
4.442625 14.54099
4.442625 14.14025
4.122041 12.93807
4.041896 12.61749
3.96175 12.13661
4.202187 11.81603
4.52277 11.89618
4.763207 12.37705
4.923499 12.4572
5.163936 12.61749
5.404373 13.09836
5.404373 13.09836
5.484519 12.4572
5.244082 12.05647
5.163936 11.73589
5.244082 11.65574
5.404373 11.25501
5.08379 10.85428
4.602916 10.61384
5.003644 10.21312
6.366122 9.732241
7.167579 9.732241
8.289618 9.251371
9.411659 8.770491
10.5337 8.690351
11.09472 8.369761
12.21676 8.369761
12.69763 7.808741
12.69763 7.247721
13.65938 6.766851
14.2204 6.366121
15.82332 5.724951
16.78506 5.244081
17.98725 5.163931
18.78871 4.843351
19.91075 4.602911
20.31148 4.442621
20.63206 4.442621
21.19308 4.683062
21.91439 4.683062
21.99454 4.683062
22.6357 5.083792
22.95629 5.564661
23.11658 5.885252
23.35702 6.205832
22.87614 6.045542
22.31512 5.404371
21.7541 5.003641
21.59381 5.003641
21.51366 5.324232
21.67395 5.965391
22.07468 6.125681
22.07468 6.686701
21.91439 7.247721
22.23497 7.247721
22.55556 7.648451
22.79599 7.808741
23.19672 7.808741
24.15847 7.888891
24.71949 7.888891
25.12022 7.648451
25.76139 7.568312
26.32241 7.007292
26.4827 6.846991
27.12387 6.205832
27.20401 5.885252
27.52459 5.805101
27.44445 6.205832
27.52459 6.686701
27.20401 6.846991
26.64299 7.087431
26.56284 7.488161
25.84153 7.728601
25.4408 8.049181
24.87978 8.049181
24.79964 8.610201
25.36066 8.850641
25.4408 8.610201
26.16212 8.049181
26.56284 7.728601
27.28415 7.408022
28.00547 7.167582
28.72678 7.568312
29.2878 7.728601
29.92896 7.728601
30.1694 7.728601
31.53188 7.808741
32.81421 7.808741
33.45538 7.808741
34.33698 7.808741
35.37887 7.648451
36.98178 7.808741
37.78324 7.888891
38.98543 7.888891
39.4663 7.327871
39.62659 7.327871
40.18761 7.488161
41.22951 7.808741
41.87068 8.289621
42.4317 9.171221
42.4317 9.732241
42.4317 10.13297
42.67213 11.25501
42.83242 11.89618
43.47359 12.4572
43.71403 13.73952
44.27505 14.86157
44.67578 15.66302
44.91621 16.46448
45.07651 17.34608
44.83607 18.30783
44.83607 18.62842
44.91621 19.02914
44.67578 19.51002
43.63388 19.8306
42.91257 20.39162
42.19126 21.59381
42.19126 22.47541
43.23315 22.87614
44.03461 23.59745
44.27505 24.07833
43.95446 24.95993
43.95446 25.76138
43.87432 26.64299
44.1949 27.44445
44.51548 27.92532
44.27505 29.1275
44.83607 29.44809
44.91621 29.76867
45.47723 29.92896
45.63752 30.65027
45.87796 30.89071
46.03825 31.53188
46.51913 31.93261
47 32.01275
46.51913 32.25319
46.1184 32.33333
46.35884 32.81421
46.75957 33.29508
46.67942 33.93625
46.67942 34.41712
46.51913 34.97815
45.79781 35.29873
45.31694 35.45902
45.15665 36.02003
44.83607 36.26048
44.59563 36.34062
44.1949 36.74135
44.11476 37.14208
43.39344 37.62295
43.23315 37.94353
42.67213 38.50455
