12.00787 10.10236
12.7874 10.10236
13.48032 10.27559
13.82677 10.27559
14.43307 10.10236
14.77953 10.18898
15.2126 10.36221
15.90551 10.36221
16.25197 10.53543
16.59843 10.18898
17.11811 10.10236
17.37795 9.842524
17.72441 9.582682
17.98425 10.10236
18.50394 10.01575
18.76378 9.842524
19.11024 9.842524
19.71654 9.842524
20.40945 9.669291
20.23622 9.322832
20.06299 9.06299
20.40945 9.06299
20.66929 9.409452
21.01575 9.409452
20.92913 8.889761
21.27559 8.889761
21.36221 9.236223
22.05512 9.322832
22.74803 9.322832
23.1811 9.322832
23.61417 9.409452
24.22047 9.496061
24.65354 9.582682
25 9.322832
25.17323 9.236223
25.77953 9.236223
25.86614 9.669291
26.03937 9.496061
26.12598 9.842524
26.12598 10.18898
26.38583 10.01575
26.38583 10.27559
26.73228 10.27559
26.8189 10.44882
26.73228 10.88189
26.90551 10.9685
27.25197 10.9685
27.59842 10.9685
27.59842 11.40157
27.77165 11.48819
27.77165 11.48819
28.20473 11.74803
28.46457 12.00787
28.63779 12.35433
28.72441 12.52756
28.98425 12.52756
29.07087 12.7874
28.89764 12.87402
29.07087 13.13386
29.33071 12.96063
29.67717 12.96063
29.67717 12.96063
30.11024 12.52756
30.28346 12.52756
30.11024 13.04724
30.28346 13.22047
30.28346 13.22047
30.37008 13.13386
31.06299 12.96063
31.23622 12.96063
31.66929 12.96063
31.75591 13.04724
31.84252 13.3937
32.10236 13.3937
32.10236 13.3937
32.36221 13.3937
32.44882 13.74016
32.36221 14.17323
32.62205 14.51968
32.88189 14.6063
32.96851 15.03937
32.96851 15.03937
32.96851 15.2126
33.22835 15.38583
33.31496 15.47243
33.31496 15.8189
33.31496 15.90551
33.31496 16.59842
33.83465 16.94488
34.44094 17.20473
34.70079 17.89764
35.3937 17.72441
35.65354 18.15748
35.82677 18.85039
36.17323 18.93701
36.51968 19.28346
35.91338 19.54331
36.25984 19.80315
36.51968 19.80315
36.86614 19.88976
36.95276 20.7559
37.47244 20.66929
37.73228 20.58268
37.99213 21.10236
38.42519 21.01575
38.59843 21.18897
39.03149 21.18897
39.11811 21.44882
39.11811 22.22835
39.37795 22.40157
39.98425 22.66142
40.07086 22.92126
40.41732 23.26772
40.76378 23.26772
40.8504 23.70079
40.937 23.7874
41.28346 24.48031
40.937 24.56693
40.67716 24.91339
40.76378 25.43307
41.02362 25.77953
41.28346 25.77953
41.5433 25.86614
41.71654 26.12598
41.71654 26.55905
42.1496 26.64567
42.1496 27.25197
42.40945 27.68504
42.58267 27.77165
42.66929 28.11811
42.23622 28.46457
42.1496 28.81102
42.40945 28.89764
42.84252 28.89764
42.75591 29.24409
42.75591 29.85039
42.75591 30.19685
42.32284 30.28346
41.97638 30.97638
41.88976 31.06299
42.1496 31.66929
42.40945 31.75591
42.58267 32.27559
43.01575 32.36221
43.36221 32.70866
43.44882 33.14173
43.70866 33.40157
44.05511 33.40157
44.22835 33.31496
44.5748 33.14173
44.74803 33.22834
45.00787 33.31496
45.09448 33.66142
45.44094 34.09449
45.87402 34.61417
45.96063 35.04724
46.3937 35.48031
46.56693 35.82677
47 36.25984
46.74016 36.6063
46.74016 37.47244
46.74016 37.90551
46.56693 38.25197
46.22047 38.4252
46.48032 39.20472
46.65354 39.89763
46.91338 40.15748
46.56693 40.24409
45.96063 40.24409
45.35433 40.24409
44.5748 40.33071
44.31496 40.41733
43.79527 40.33071
42.92913 40.07087
42.49606 40.07087
42.1496 40.33071
41.37008 40.07087
41.11024 40.50394
40.15748 41.02362
39.72441 41.11024
39.63779 40.76378
39.29134 40.33071
38.51181 40.24409
38.33858 40.50394
37.8189 40.07087
37.47244 40.07087
36.77953 39.89763
36.6063 39.72441
35.91338 39.46457
35.48032 39.81102
35.13386 39.81102
34.78741 39.72441
34.61417 39.55118
34.78741 39.29134
34.78741 38.85826
34.44094 38.59842
34.09449 38.59842
33.5748 38.51181
32.96851 38.51181
32.27559 38.33858
31.40945 38.33858
30.80315 38.33858
30.28346 38.33858
29.07087 38.33858
28.46457 38.33858
27.25197 38.33858
26.47244 38.33858
25.86614 38.33858
25.17323 38.33858
24.48031 38.25197
23.1811 38.07874
22.48819 38.51181
22.14173 38.51181
21.10236 38.51181
20.66929 38.51181
20.32283 38.51181
19.80315 38.4252
19.37008 38.68504
19.11024 39.03149
18.59055 39.29134
17.89764 39.46457
17.72441 39.55118
16.94488 39.89763
16.25197 40.07087
15.38583 40.15748
14.34646 40.15748
14.34646 40.15748
13.74016 39.89763
12.7874 40.24409
11.92126 40.24409
11.48819 40.59055
10.62205 40.93701
9.496064 40.8504
8.976378 40.76378
8.456694 40.41733
8.196852 39.72441
8.283465 39.20472
8.023623 38.25197
8.283465 37.47244
8.543308 36.43307
8.456694 35.65354
8.716536 35.13386
9.23622 34.70078
10.70866 34.70078
11.66142 34.96063
13.56693 34.87401
14.69291 34.7874
15.12598 34.35433
15.12598 33.48819
16.51181 33.31496
16.85827 33.40157
17.46457 32.9685
18.41732 33.40157
19.11024 33.31496
19.19685 32.9685
19.71654 32.10236
20.06299 31.84252
20.84252 32.27559
21.27559 32.88189
21.9685 32.88189
22.5748 33.14173
22.92126 33.40157
23.7874 33.66142
24.22047 33.66142
24.3937 34.00787
25.25984 34.26772
25.6063 34.44094
26.47244 34.52757
27.07874 34.35433
27.85827 33.92126
28.89764 33.66142
29.85039 33.14173
29.76378 32.88189
30.19685 32.36221
29.67717 32.44882
29.50394 32.10236
29.07087 32.01575
28.63779 31.92913
28.20473 31.92913
27.59842 32.10236
27.16536 32.36221
26.64567 32.53543
26.2126 32.62205
25.43307 32.62205
25.08661 32.62205
24.82677 32.01575
24.22047 31.32283
23.87402 31.32283
23.35433 31.32283
23.00788 31.58268
22.66142 31.49606
22.48819 30.97638
22.05512 30.28346
21.9685 30.19685
21.27559 30.11023
20.84252 30.11023
20.14961 30.11023
19.80315 30.62992
19.54331 30.62992
19.11024 30.62992
18.59055 30.45669
18.07087 30.54331
17.81102 31.49606
17.63779 31.84252
17.37795 31.92913
16.33858 31.84252
14.69291 32.01575
13.74016 31.84252
13.04725 31.66929
12.44094 31.58268
10.62205 31.49606
10.01575 31.58268
9.322836 31.66929
8.889764 31.06299
9.062992 30.54331
8.976378 30.19685
8.283465 30.19685
8.196852 29.59055
8.456694 29.41732
8.456694 28.89764
8.456694 28.29134
8.196852 27.77165
7.590552 27.59842
7.590552 27.07874
7.330709 26.64567
7.244096 26.2126
6.897638 25.6063
6.29134 25.6063
6.204725 25
6.031497 24.91339
5.858269 24.3937
5.251969 23.70079
4.559056 23.61417
4.039371 23.1811
3.519686 23.70079
3.519686 24.13386
3.173229 23.87402
3 23.26772
3.173229 22.83464
3.692914 22.83464
4.299213 22.66142
4.818899 22.22835
5.511812 21.88189
6.204725 21.27559
6.72441 20.66929
7.244096 19.80315
8.196852 19.28346
8.80315 18.07087
9.23622 17.29134
9.669292 16.42519
10.10236 15.03937
10.18898 13.56693
10.36221 13.56693
10.53543 12.44094
10.79528 12.1811
11.31496 11.5748
11.40158 10.9685
11.66142 10.36221
12.09449 10.01575
